family,q_hash,class_multiplicity,point_a,point_b,q_a,q_b
periodic_simple,-0.4147097281|-0.0000000000|-0.0000000000|-0.5697377864,16,"(-1.5707963267948966, -3.141592653589793, -3.141592653589793, -1.5707963267948966)","(-1.5707963267948966, -3.141592653589793, -3.141592653589793, 4.71238898038469)","(-0.4147097281159982, -6.977275564093691e-17, -6.977275564093691e-17, -0.5697377863520765)","(-0.4147097281159982, -6.977275564093691e-17, -6.977275564093691e-17, -0.5697377863520765)"
periodic_simple,-0.4147097281|-0.0000000000|-0.0000000000|0.5697377864,16,"(-1.5707963267948966, -3.141592653589793, -3.141592653589793, -4.71238898038469)","(-1.5707963267948966, -3.141592653589793, -3.141592653589793, 1.5707963267948966)","(-0.4147097281159982, -6.977275564093691e-17, -6.977275564093691e-17, 0.5697377863520765)","(-0.4147097281159982, -6.977275564093691e-17, -6.977275564093691e-17, 0.5697377863520765)"
periodic_simple,-0.4147097281|-0.0000000000|-0.4028654522|-0.4028654522,4,"(-1.5707963267948966, -3.141592653589793, -0.7853981633974483, -0.7853981633974483)","(-1.5707963267948966, 6.283185307179586, -0.7853981633974483, -0.7853981633974483)","(-0.4147097281159982, -6.977275564093691e-17, -0.40286545222776565, -0.40286545222776565)","(-0.4147097281159982, -1.3954551128187382e-16, -0.40286545222776565, -0.40286545222776565)"
periodic_simple,-0.4147097281|-0.0000000000|-0.4028654522|0.4028654522,4,"(-1.5707963267948966, -3.141592653589793, -0.7853981633974483, 0.7853981633974483)","(-1.5707963267948966, 6.283185307179586, -0.7853981633974483, 0.7853981633974483)","(-0.4147097281159982, -6.977275564093691e-17, -0.40286545222776565, 0.40286545222776565)","(-0.4147097281159982, -1.3954551128187382e-16, -0.40286545222776565, 0.40286545222776565)"
periodic_simple,-0.4147097281|-0.0000000000|-0.5697377864|-0.0000000000,16,"(-1.5707963267948966, -3.141592653589793, -1.5707963267948966, -3.141592653589793)","(-1.5707963267948966, -3.141592653589793, -1.5707963267948966, 6.283185307179586)","(-0.4147097281159982, -6.977275564093691e-17, -0.5697377863520765, -6.977275564093691e-17)","(-0.4147097281159982, -6.977275564093691e-17, -0.5697377863520765, -1.3954551128187382e-16)"
periodic_simple,-0.4147097281|-0.0000000000|-0.5697377864|0.0000000000,24,"(-1.5707963267948966, -3.141592653589793, -1.5707963267948966, -6.283185307179586)","(-1.5707963267948966, -3.141592653589793, -1.5707963267948966, 0.0)","(-0.4147097281159982, -6.977275564093691e-17, -0.5697377863520765, 1.3954551128187382e-16)","(-0.4147097281159982, -6.977275564093691e-17, -0.5697377863520765, 0.0)"
periodic_simple,-0.4147097281|-0.0000000000|0.0000000000|-0.5697377864,24,"(-1.5707963267948966, -3.141592653589793, -6.283185307179586, -1.5707963267948966)","(-1.5707963267948966, -3.141592653589793, -6.283185307179586, 4.71238898038469)","(-0.4147097281159982, -6.977275564093691e-17, 1.3954551128187382e-16, -0.5697377863520765)","(-0.4147097281159982, -6.977275564093691e-17, 1.3954551128187382e-16, -0.5697377863520765)"
periodic_simple,-0.4147097281|-0.0000000000|0.0000000000|0.5697377864,24,"(-1.5707963267948966, -3.141592653589793, -6.283185307179586, -4.71238898038469)","(-1.5707963267948966, -3.141592653589793, -6.283185307179586, 1.5707963267948966)","(-0.4147097281159982, -6.977275564093691e-17, 1.3954551128187382e-16, 0.5697377863520765)","(-0.4147097281159982, -6.977275564093691e-17, 1.3954551128187382e-16, 0.5697377863520765)"
periodic_simple,-0.4147097281|-0.0000000000|0.4028654522|-0.4028654522,4,"(-1.5707963267948966, -3.141592653589793, 0.7853981633974483, -0.7853981633974483)","(-1.5707963267948966, 6.283185307179586, 0.7853981633974483, -0.7853981633974483)","(-0.4147097281159982, -6.977275564093691e-17, 0.40286545222776565, -0.40286545222776565)","(-0.4147097281159982, -1.3954551128187382e-16, 0.40286545222776565, -0.40286545222776565)"
periodic_simple,-0.4147097281|-0.0000000000|0.4028654522|0.4028654522,4,"(-1.5707963267948966, -3.141592653589793, 0.7853981633974483, 0.7853981633974483)","(-1.5707963267948966, 6.283185307179586, 0.7853981633974483, 0.7853981633974483)","(-0.4147097281159982, -6.977275564093691e-17, 0.40286545222776565, 0.40286545222776565)","(-0.4147097281159982, -1.3954551128187382e-16, 0.40286545222776565, 0.40286545222776565)"
periodic_simple,-0.4147097281|-0.0000000000|0.5697377864|-0.0000000000,16,"(-1.5707963267948966, -3.141592653589793, -4.71238898038469, -3.141592653589793)","(-1.5707963267948966, -3.141592653589793, -4.71238898038469, 6.283185307179586)","(-0.4147097281159982, -6.977275564093691e-17, 0.5697377863520765, -6.977275564093691e-17)","(-0.4147097281159982, -6.977275564093691e-17, 0.5697377863520765, -1.3954551128187382e-16)"
periodic_simple,-0.4147097281|-0.0000000000|0.5697377864|0.0000000000,24,"(-1.5707963267948966, -3.141592653589793, -4.71238898038469, -6.283185307179586)","(-1.5707963267948966, -3.141592653589793, -4.71238898038469, 0.0)","(-0.4147097281159982, -6.977275564093691e-17, 0.5697377863520765, 1.3954551128187382e-16)","(-0.4147097281159982, -6.977275564093691e-17, 0.5697377863520765, 0.0)"
periodic_simple,-0.4147097281|-0.4028654522|-0.0000000000|-0.4028654522,4,"(-1.5707963267948966, -0.7853981633974483, -3.141592653589793, -0.7853981633974483)","(-1.5707963267948966, -0.7853981633974483, 6.283185307179586, -0.7853981633974483)","(-0.4147097281159982, -0.40286545222776565, -6.977275564093691e-17, -0.40286545222776565)","(-0.4147097281159982, -0.40286545222776565, -1.3954551128187382e-16, -0.40286545222776565)"
periodic_simple,-0.4147097281|-0.4028654522|-0.0000000000|0.4028654522,4,"(-1.5707963267948966, -0.7853981633974483, -3.141592653589793, 0.7853981633974483)","(-1.5707963267948966, -0.7853981633974483, 6.283185307179586, 0.7853981633974483)","(-0.4147097281159982, -0.40286545222776565, -6.977275564093691e-17, 0.40286545222776565)","(-0.4147097281159982, -0.40286545222776565, -1.3954551128187382e-16, 0.40286545222776565)"
periodic_simple,-0.4147097281|-0.4028654522|-0.4028654522|-0.0000000000,4,"(-1.5707963267948966, -0.7853981633974483, -0.7853981633974483, -3.141592653589793)","(-1.5707963267948966, -0.7853981633974483, -0.7853981633974483, 6.283185307179586)","(-0.4147097281159982, -0.40286545222776565, -0.40286545222776565, -6.977275564093691e-17)","(-0.4147097281159982, -0.40286545222776565, -0.40286545222776565, -1.3954551128187382e-16)"
periodic_simple,-0.4147097281|-0.4028654522|-0.4028654522|0.0000000000,6,"(-1.5707963267948966, -0.7853981633974483, -0.7853981633974483, -6.283185307179586)","(-1.5707963267948966, -0.7853981633974483, -0.7853981633974483, 0.0)","(-0.4147097281159982, -0.40286545222776565, -0.40286545222776565, 1.3954551128187382e-16)","(-0.4147097281159982, -0.40286545222776565, -0.40286545222776565, 0.0)"
periodic_simple,-0.4147097281|-0.4028654522|0.0000000000|-0.4028654522,6,"(-1.5707963267948966, -0.7853981633974483, -6.283185307179586, -0.7853981633974483)","(-1.5707963267948966, -0.7853981633974483, 0.0, -0.7853981633974483)","(-0.4147097281159982, -0.40286545222776565, 1.3954551128187382e-16, -0.40286545222776565)","(-0.4147097281159982, -0.40286545222776565, 0.0, -0.40286545222776565)"
periodic_simple,-0.4147097281|-0.4028654522|0.0000000000|0.4028654522,6,"(-1.5707963267948966, -0.7853981633974483, -6.283185307179586, 0.7853981633974483)","(-1.5707963267948966, -0.7853981633974483, 0.0, 0.7853981633974483)","(-0.4147097281159982, -0.40286545222776565, 1.3954551128187382e-16, 0.40286545222776565)","(-0.4147097281159982, -0.40286545222776565, 0.0, 0.40286545222776565)"
periodic_simple,-0.4147097281|-0.4028654522|0.4028654522|-0.0000000000,4,"(-1.5707963267948966, -0.7853981633974483, 0.7853981633974483, -3.141592653589793)","(-1.5707963267948966, -0.7853981633974483, 0.7853981633974483, 6.283185307179586)","(-0.4147097281159982, -0.40286545222776565, 0.40286545222776565, -6.977275564093691e-17)","(-0.4147097281159982, -0.40286545222776565, 0.40286545222776565, -1.3954551128187382e-16)"
periodic_simple,-0.4147097281|-0.4028654522|0.4028654522|0.0000000000,6,"(-1.5707963267948966, -0.7853981633974483, 0.7853981633974483, -6.283185307179586)","(-1.5707963267948966, -0.7853981633974483, 0.7853981633974483, 0.0)","(-0.4147097281159982, -0.40286545222776565, 0.40286545222776565, 1.3954551128187382e-16)","(-0.4147097281159982, -0.40286545222776565, 0.40286545222776565, 0.0)"
periodic_simple,-0.4147097281|-0.5697377864|-0.0000000000|-0.0000000000,16,"(-1.5707963267948966, -1.5707963267948966, -3.141592653589793, -3.141592653589793)","(-1.5707963267948966, -1.5707963267948966, -3.141592653589793, 6.283185307179586)","(-0.4147097281159982, -0.5697377863520765, -6.977275564093691e-17, -6.977275564093691e-17)","(-0.4147097281159982, -0.5697377863520765, -6.977275564093691e-17, -1.3954551128187382e-16)"
periodic_simple,-0.4147097281|-0.5697377864|-0.0000000000|0.0000000000,24,"(-1.5707963267948966, -1.5707963267948966, -3.141592653589793, -6.283185307179586)","(-1.5707963267948966, -1.5707963267948966, -3.141592653589793, 0.0)","(-0.4147097281159982, -0.5697377863520765, -6.977275564093691e-17, 1.3954551128187382e-16)","(-0.4147097281159982, -0.5697377863520765, -6.977275564093691e-17, 0.0)"
periodic_simple,-0.4147097281|-0.5697377864|0.0000000000|-0.0000000000,24,"(-1.5707963267948966, -1.5707963267948966, -6.283185307179586, -3.141592653589793)","(-1.5707963267948966, -1.5707963267948966, -6.283185307179586, 6.283185307179586)","(-0.4147097281159982, -0.5697377863520765, 1.3954551128187382e-16, -6.977275564093691e-17)","(-0.4147097281159982, -0.5697377863520765, 1.3954551128187382e-16, -1.3954551128187382e-16)"
periodic_simple,-0.4147097281|-0.5697377864|0.0000000000|0.0000000000,36,"(-1.5707963267948966, -1.5707963267948966, -6.283185307179586, -6.283185307179586)","(-1.5707963267948966, -1.5707963267948966, -6.283185307179586, 0.0)","(-0.4147097281159982, -0.5697377863520765, 1.3954551128187382e-16, 1.3954551128187382e-16)","(-0.4147097281159982, -0.5697377863520765, 1.3954551128187382e-16, 0.0)"
periodic_simple,-0.4147097281|0.0000000000|-0.0000000000|-0.5697377864,24,"(-1.5707963267948966, -6.283185307179586, -3.141592653589793, -1.5707963267948966)","(-1.5707963267948966, -6.283185307179586, -3.141592653589793, 4.71238898038469)","(-0.4147097281159982, 1.3954551128187382e-16, -6.977275564093691e-17, -0.5697377863520765)","(-0.4147097281159982, 1.3954551128187382e-16, -6.977275564093691e-17, -0.5697377863520765)"
periodic_simple,-0.4147097281|0.0000000000|-0.0000000000|0.5697377864,24,"(-1.5707963267948966, -6.283185307179586, -3.141592653589793, -4.71238898038469)","(-1.5707963267948966, -6.283185307179586, -3.141592653589793, 1.5707963267948966)","(-0.4147097281159982, 1.3954551128187382e-16, -6.977275564093691e-17, 0.5697377863520765)","(-0.4147097281159982, 1.3954551128187382e-16, -6.977275564093691e-17, 0.5697377863520765)"
periodic_simple,-0.4147097281|0.0000000000|-0.4028654522|-0.4028654522,6,"(-1.5707963267948966, -6.283185307179586, -0.7853981633974483, -0.7853981633974483)","(-1.5707963267948966, 0.0, -0.7853981633974483, -0.7853981633974483)","(-0.4147097281159982, 1.3954551128187382e-16, -0.40286545222776565, -0.40286545222776565)","(-0.4147097281159982, 0.0, -0.40286545222776565, -0.40286545222776565)"
periodic_simple,-0.4147097281|0.0000000000|-0.4028654522|0.4028654522,6,"(-1.5707963267948966, -6.283185307179586, -0.7853981633974483, 0.7853981633974483)","(-1.5707963267948966, 0.0, -0.7853981633974483, 0.7853981633974483)","(-0.4147097281159982, 1.3954551128187382e-16, -0.40286545222776565, 0.40286545222776565)","(-0.4147097281159982, 0.0, -0.40286545222776565, 0.40286545222776565)"
periodic_simple,-0.4147097281|0.0000000000|-0.5697377864|-0.0000000000,24,"(-1.5707963267948966, -6.283185307179586, -1.5707963267948966, -3.141592653589793)","(-1.5707963267948966, -6.283185307179586, -1.5707963267948966, 6.283185307179586)","(-0.4147097281159982, 1.3954551128187382e-16, -0.5697377863520765, -6.977275564093691e-17)","(-0.4147097281159982, 1.3954551128187382e-16, -0.5697377863520765, -1.3954551128187382e-16)"
periodic_simple,-0.4147097281|0.0000000000|-0.5697377864|0.0000000000,36,"(-1.5707963267948966, -6.283185307179586, -1.5707963267948966, -6.283185307179586)","(-1.5707963267948966, -6.283185307179586, -1.5707963267948966, 0.0)","(-0.4147097281159982, 1.3954551128187382e-16, -0.5697377863520765, 1.3954551128187382e-16)","(-0.4147097281159982, 1.3954551128187382e-16, -0.5697377863520765, 0.0)"
periodic_harmonic,-0.0236350550|-0.8090877957|-0.0000000000|-0.0000000000,8,"(-0.7853981633974483, -1.5707963267948966, -3.141592653589793, -3.141592653589793)","(-0.7853981633974483, -1.5707963267948966, -3.141592653589793, 6.283185307179586)","(-0.023635055048649968, -0.8090877956596091, -2.0436214820664386e-16, -1.9816935583674557e-16)","(-0.023635055048649968, -0.8090877956596091, -2.0436214820664386e-16, -3.9633871167349113e-16)"
periodic_harmonic,-0.0236350550|-0.8090877957|-0.0000000000|0.0000000000,12,"(-0.7853981633974483, -1.5707963267948966, -3.141592653589793, -6.283185307179586)","(-0.7853981633974483, -1.5707963267948966, -3.141592653589793, 0.0)","(-0.023635055048649968, -0.8090877956596091, -2.0436214820664386e-16, 3.9633871167349113e-16)","(-0.023635055048649968, -0.8090877956596091, -2.0436214820664386e-16, 0.0)"
periodic_harmonic,-0.0236350550|-0.8090877957|0.0000000000|-0.0000000000,12,"(-0.7853981633974483, -1.5707963267948966, -6.283185307179586, -3.141592653589793)","(-0.7853981633974483, -1.5707963267948966, -6.283185307179586, 6.283185307179586)","(-0.023635055048649968, -0.8090877956596091, 6.192792369898299e-17, -1.9816935583674557e-16)","(-0.023635055048649968, -0.8090877956596091, 6.192792369898299e-17, -3.9633871167349113e-16)"
periodic_harmonic,-0.0236350550|-0.8090877957|0.0000000000|0.0000000000,18,"(-0.7853981633974483, -1.5707963267948966, -6.283185307179586, -6.283185307179586)","(-0.7853981633974483, -1.5707963267948966, -6.283185307179586, 0.0)","(-0.023635055048649968, -0.8090877956596091, 6.192792369898299e-17, 3.9633871167349113e-16)","(-0.023635055048649968, -0.8090877956596091, 6.192792369898299e-17, 0.0)"
periodic_harmonic,-0.0236350550|0.8090877957|-0.0000000000|-0.0000000000,8,"(-0.7853981633974483, -4.71238898038469, -3.141592653589793, -3.141592653589793)","(-0.7853981633974483, -4.71238898038469, -3.141592653589793, 6.283185307179586)","(-0.023635055048649788, 0.8090877956596091, -2.0436214820664391e-16, -1.9816935583674562e-16)","(-0.023635055048649788, 0.8090877956596091, -2.0436214820664391e-16, -3.9633871167349123e-16)"
periodic_harmonic,-0.0236350550|0.8090877957|-0.0000000000|0.0000000000,12,"(-0.7853981633974483, -4.71238898038469, -3.141592653589793, -6.283185307179586)","(-0.7853981633974483, -4.71238898038469, -3.141592653589793, 0.0)","(-0.023635055048649788, 0.8090877956596091, -2.0436214820664391e-16, 3.9633871167349123e-16)","(-0.023635055048649788, 0.8090877956596091, -2.0436214820664391e-16, 0.0)"
periodic_harmonic,-0.0236350550|0.8090877957|0.0000000000|-0.0000000000,12,"(-0.7853981633974483, -4.71238898038469, -6.283185307179586, -3.141592653589793)","(-0.7853981633974483, -4.71238898038469, -6.283185307179586, 6.283185307179586)","(-0.023635055048649788, 0.8090877956596091, 6.1927923698983e-17, -1.9816935583674562e-16)","(-0.023635055048649788, 0.8090877956596091, 6.1927923698983e-17, -3.9633871167349123e-16)"
periodic_harmonic,-0.0236350550|0.8090877957|0.0000000000|0.0000000000,18,"(-0.7853981633974483, -4.71238898038469, -6.283185307179586, -6.283185307179586)","(-0.7853981633974483, -4.71238898038469, -6.283185307179586, 0.0)","(-0.023635055048649788, 0.8090877956596091, 6.1927923698983e-17, 3.9633871167349123e-16)","(-0.023635055048649788, 0.8090877956596091, 6.1927923698983e-17, 0.0)"
periodic_harmonic,-0.0239065469|-0.8183816488|-0.0000000000|-0.0000000000,16,"(-1.5707963267948966, -1.5707963267948966, -3.141592653589793, -3.141592653589793)","(-1.5707963267948966, -1.5707963267948966, -3.141592653589793, 6.283185307179586)","(-0.023906546883251518, -0.818381648775043, -2.0670962124724101e-16, -2.0044569333065796e-16)","(-0.023906546883251518, -0.818381648775043, -2.0670962124724101e-16, -4.008913866613159e-16)"
periodic_harmonic,-0.0239065469|-0.8183816488|-0.0000000000|0.0000000000,24,"(-1.5707963267948966, -1.5707963267948966, -3.141592653589793, -6.283185307179586)","(-1.5707963267948966, -1.5707963267948966, -3.141592653589793, 0.0)","(-0.023906546883251518, -0.818381648775043, -2.0670962124724101e-16, 4.008913866613159e-16)","(-0.023906546883251518, -0.818381648775043, -2.0670962124724101e-16, 0.0)"
periodic_harmonic,-0.0239065469|-0.8183816488|0.0000000000|-0.0000000000,24,"(-1.5707963267948966, -1.5707963267948966, -6.283185307179586, -3.141592653589793)","(-1.5707963267948966, -1.5707963267948966, -6.283185307179586, 6.283185307179586)","(-0.023906546883251518, -0.818381648775043, 6.263927916583061e-17, -2.0044569333065796e-16)","(-0.023906546883251518, -0.818381648775043, 6.263927916583061e-17, -4.008913866613159e-16)"
periodic_harmonic,-0.0239065469|-0.8183816488|0.0000000000|0.0000000000,36,"(-1.5707963267948966, -1.5707963267948966, -6.283185307179586, -6.283185307179586)","(-1.5707963267948966, -1.5707963267948966, -6.283185307179586, 0.0)","(-0.023906546883251518, -0.818381648775043, 6.263927916583061e-17, 4.008913866613159e-16)","(-0.023906546883251518, -0.818381648775043, 6.263927916583061e-17, 0.0)"
periodic_harmonic,-0.0239065469|0.8183816488|-0.0000000000|-0.0000000000,16,"(-1.5707963267948966, -4.71238898038469, -3.141592653589793, -3.141592653589793)","(-1.5707963267948966, -4.71238898038469, -3.141592653589793, 6.283185307179586)","(-0.023906546883251334, 0.8183816487750432, -2.0670962124724106e-16, -2.00445693330658e-16)","(-0.023906546883251334, 0.8183816487750432, -2.0670962124724106e-16, -4.00891386661316e-16)"
periodic_harmonic,-0.0239065469|0.8183816488|-0.0000000000|0.0000000000,24,"(-1.5707963267948966, -4.71238898038469, -3.141592653589793, -6.283185307179586)","(-1.5707963267948966, -4.71238898038469, -3.141592653589793, 0.0)","(-0.023906546883251334, 0.8183816487750432, -2.0670962124724106e-16, 4.00891386661316e-16)","(-0.023906546883251334, 0.8183816487750432, -2.0670962124724106e-16, 0.0)"
periodic_harmonic,-0.0239065469|0.8183816488|0.0000000000|-0.0000000000,24,"(-1.5707963267948966, -4.71238898038469, -6.283185307179586, -3.141592653589793)","(-1.5707963267948966, -4.71238898038469, -6.283185307179586, 6.283185307179586)","(-0.023906546883251334, 0.8183816487750432, 6.263927916583062e-17, -2.00445693330658e-16)","(-0.023906546883251334, 0.8183816487750432, 6.263927916583062e-17, -4.00891386661316e-16)"
periodic_harmonic,-0.0239065469|0.8183816488|0.0000000000|0.0000000000,36,"(-1.5707963267948966, -4.71238898038469, -6.283185307179586, -6.283185307179586)","(-1.5707963267948966, -4.71238898038469, -6.283185307179586, 0.0)","(-0.023906546883251334, 0.8183816487750432, 6.263927916583062e-17, 4.00891386661316e-16)","(-0.023906546883251334, 0.8183816487750432, 6.263927916583062e-17, 0.0)"
periodic_harmonic,-0.0291995223|-0.9995736030|-0.0000000000|-0.0000000000,40,"(-6.283185307179586, -1.5707963267948966, -3.141592653589793, -3.141592653589793)","(-6.283185307179586, -1.5707963267948966, -3.141592653589793, 6.283185307179586)","(-0.029199522301288815, -0.9995736030415051, -2.5247570152962427e-16, -2.448249226953932e-16)","(-0.029199522301288815, -0.9995736030415051, -2.5247570152962427e-16, -4.896498453907864e-16)"
periodic_harmonic,-0.0291995223|-0.9995736030|-0.0000000000|0.0000000000,60,"(-6.283185307179586, -1.5707963267948966, -3.141592653589793, -6.283185307179586)","(-6.283185307179586, -1.5707963267948966, -3.141592653589793, 0.0)","(-0.029199522301288815, -0.9995736030415051, -2.5247570152962427e-16, 4.896498453907864e-16)","(-0.029199522301288815, -0.9995736030415051, -2.5247570152962427e-16, 0.0)"
periodic_harmonic,-0.0291995223|-0.9995736030|0.0000000000|-0.0000000000,60,"(-6.283185307179586, -1.5707963267948966, -6.283185307179586, -3.141592653589793)","(-6.283185307179586, -1.5707963267948966, -6.283185307179586, 6.283185307179586)","(-0.029199522301288815, -0.9995736030415051, 7.650778834231037e-17, -2.448249226953932e-16)","(-0.029199522301288815, -0.9995736030415051, 7.650778834231037e-17, -4.896498453907864e-16)"
periodic_harmonic,-0.0291995223|-0.9995736030|0.0000000000|0.0000000000,90,"(-6.283185307179586, -1.5707963267948966, -6.283185307179586, -6.283185307179586)","(-6.283185307179586, -1.5707963267948966, -6.283185307179586, 0.0)","(-0.029199522301288815, -0.9995736030415051, 7.650778834231037e-17, 4.896498453907864e-16)","(-0.029199522301288815, -0.9995736030415051, 7.650778834231037e-17, 0.0)"
periodic_harmonic,-0.0291995223|0.9995736030|-0.0000000000|-0.0000000000,40,"(-6.283185307179586, -4.71238898038469, -3.141592653589793, -3.141592653589793)","(-6.283185307179586, -4.71238898038469, -3.141592653589793, 6.283185307179586)","(-0.029199522301288593, 0.9995736030415052, -2.524757015296243e-16, -2.4482492269539326e-16)","(-0.029199522301288593, 0.9995736030415052, -2.524757015296243e-16, -4.896498453907865e-16)"
periodic_harmonic,-0.0291995223|0.9995736030|-0.0000000000|0.0000000000,60,"(-6.283185307179586, -4.71238898038469, -3.141592653589793, -6.283185307179586)","(-6.283185307179586, -4.71238898038469, -3.141592653589793, 0.0)","(-0.029199522301288593, 0.9995736030415052, -2.524757015296243e-16, 4.896498453907865e-16)","(-0.029199522301288593, 0.9995736030415052, -2.524757015296243e-16, 0.0)"
periodic_harmonic,-0.0291995223|0.9995736030|0.0000000000|-0.0000000000,60,"(-6.283185307179586, -4.71238898038469, -6.283185307179586, -3.141592653589793)","(-6.283185307179586, -4.71238898038469, -6.283185307179586, 6.283185307179586)","(-0.029199522301288593, 0.9995736030415052, 7.650778834231039e-17, -2.4482492269539326e-16)","(-0.029199522301288593, 0.9995736030415052, 7.650778834231039e-17, -4.896498453907865e-16)"
periodic_harmonic,-0.0291995223|0.9995736030|0.0000000000|0.0000000000,90,"(-6.283185307179586, -4.71238898038469, -6.283185307179586, -6.283185307179586)","(-6.283185307179586, -4.71238898038469, -6.283185307179586, 0.0)","(-0.029199522301288593, 0.9995736030415052, 7.650778834231039e-17, 4.896498453907865e-16)","(-0.029199522301288593, 0.9995736030415052, 7.650778834231039e-17, 0.0)"
periodic_harmonic,-0.0356643771|-1.2208819557|-0.0000000000|-0.0000000000,16,"(-4.71238898038469, -1.5707963267948966, -3.141592653589793, -3.141592653589793)","(-4.71238898038469, -1.5707963267948966, -3.141592653589793, 6.283185307179586)","(-0.035664377075753546, -1.2208819557389932, -3.0837451821670685e-16, -2.9902983584650364e-16)","(-0.035664377075753546, -1.2208819557389932, -3.0837451821670685e-16, -5.980596716930073e-16)"
periodic_harmonic,-0.0356643771|-1.2208819557|-0.0000000000|0.0000000000,24,"(-4.71238898038469, -1.5707963267948966, -3.141592653589793, -6.283185307179586)","(-4.71238898038469, -1.5707963267948966, -3.141592653589793, 0.0)","(-0.035664377075753546, -1.2208819557389932, -3.0837451821670685e-16, 5.980596716930073e-16)","(-0.035664377075753546, -1.2208819557389932, -3.0837451821670685e-16, 0.0)"
periodic_harmonic,-0.0356643771|-1.2208819557|0.0000000000|-0.0000000000,24,"(-4.71238898038469, -1.5707963267948966, -6.283185307179586, -3.141592653589793)","(-4.71238898038469, -1.5707963267948966, -6.283185307179586, 6.283185307179586)","(-0.035664377075753546, -1.2208819557389932, 9.344682370203238e-17, -2.9902983584650364e-16)","(-0.035664377075753546, -1.2208819557389932, 9.344682370203238e-17, -5.980596716930073e-16)"
periodic_harmonic,-0.0356643771|-1.2208819557|0.0000000000|0.0000000000,36,"(-4.71238898038469, -1.5707963267948966, -6.283185307179586, -6.283185307179586)","(-4.71238898038469, -1.5707963267948966, -6.283185307179586, 0.0)","(-0.035664377075753546, -1.2208819557389932, 9.344682370203238e-17, 5.980596716930073e-16)","(-0.035664377075753546, -1.2208819557389932, 9.344682370203238e-17, 0.0)"
periodic_harmonic,-0.0356643771|1.2208819557|-0.0000000000|-0.0000000000,16,"(-4.71238898038469, -4.71238898038469, -3.141592653589793, -3.141592653589793)","(-4.71238898038469, -4.71238898038469, -3.141592653589793, 6.283185307179586)","(-0.035664377075753276, 1.2208819557389932, -3.0837451821670695e-16, -2.9902983584650374e-16)","(-0.035664377075753276, 1.2208819557389932, -3.0837451821670695e-16, -5.980596716930075e-16)"
periodic_harmonic,-0.0356643771|1.2208819557|-0.0000000000|0.0000000000,24,"(-4.71238898038469, -4.71238898038469, -3.141592653589793, -6.283185307179586)","(-4.71238898038469, -4.71238898038469, -3.141592653589793, 0.0)","(-0.035664377075753276, 1.2208819557389932, -3.0837451821670695e-16, 5.980596716930075e-16)","(-0.035664377075753276, 1.2208819557389932, -3.0837451821670695e-16, 0.0)"
